Resultados - Arquivo vggtesteadnc.py
3CLASSES
----------------------------------
History - Acc
[0.3535416667163372, 0.3454166670143604, 0.371041666418314, 0.3795833332836628, 0.39374999970197677, 0.4089583307504654, 0.4500000001490116, 0.4835416659712791, 0.4906249991059303, 0.522083330154419, 0.5324999988079071, 0.5618749985098839, 0.5697916668653488, 0.5764583298563957, 0.5989583304524422, 0.6070833316445351, 0.6202083337306976, 0.6260416671633721, 0.6306249982118607, 0.6502083340287208, 0.6560416686534881, 0.6531250008940697, 0.6572916665673256, 0.6787500005960464, 0.6875000023841857, 0.6889583313465119, 0.7029166704416275, 0.7056249994039535, 0.7206250035762787, 0.7183333337306976, 0.7252083349227906, 0.7389583325386048, 0.738333335518837, 0.7385416668653488, 0.7470833319425583, 0.7570833319425583, 0.7564583337306976, 0.7585416650772094, 0.7677083343267441, 0.7679166656732559, 0.7839583337306977, 0.7822916680574417, 0.7883333331346511, 0.7918749988079071, 0.7941666668653489, 0.8002083325386047, 0.7966666680574417, 0.8087499976158142, 0.8160416680574417, 0.81875, 0.8227083331346512, 0.8174999994039536, 0.8306250029802322, 0.8231249988079071, 0.8362499994039535, 0.8372916668653488, 0.8354166668653488, 0.8495833325386047, 0.8477083337306976, 0.8493750011920929]

History - Loss
[1.1586329782009124, 1.1326940321922303, 1.1133830845355988, 1.1085214447975158, 1.0993847334384919, 1.0755966818332672, 1.034206552505493, 0.9985845822095871, 0.9794749748706818, 0.9550507241487503, 0.9342145538330078, 0.9053929412364959, 0.8934567022323608, 0.8682743734121323, 0.8483812350034714, 0.8289398378133774, 0.8119345766305923, 0.7995256024599076, 0.790743064880371, 0.7659692347049714, 0.758891475200653, 0.750114728808403, 0.7512566518783569, 0.7290142625570297, 0.7146035748720169, 0.7042656216025353, 0.6899650239944458, 0.6770781937241555, 0.6488321805000306, 0.6597585219144821, 0.6429953765869141, 0.6284834331274033, 0.6209877443313598, 0.6156674847006798, 0.6004780414700508, 0.5870326644182206, 0.5887196117639542, 0.5798918572068215, 0.5678263196349144, 0.5584867462515831, 0.5293895158171654, 0.5410406503081322, 0.5270894619822503, 0.509831417798996, 0.5140423703193665, 0.4994610995054245, 0.49620764553546903, 0.4802105829119682, 0.46941765695810317, 0.4640106999874115, 0.4565713459253311, 0.4612598720192909, 0.4380545249581337, 0.44184712871909143, 0.42228070765733716, 0.408928182721138, 0.4138011120259762, 0.40160744547843935, 0.39316263765096665, 0.3902941657602787]

History - Val_Acc
[0.34666666785875955, 0.35333333412806195, 0.3322222234474288, 0.3333333363135656, 0.4144444482194053, 0.30555555787351396, 0.33000000102652444, 0.35666666759385, 0.32777777976459926, 0.3244444462988112, 0.31888888974984486, 0.473333332935969, 0.301111114025116, 0.3622222226527002, 0.32666666789187326, 0.3233333362473382, 0.3166666714681519, 0.3622222234805425, 0.33333333598242865, 0.3077777796321445, 0.32333333533671166, 0.30555555745959284, 0.3444444462656975, 0.37222222487131756, 0.35777777714861764, 0.40555555505885016, 0.3422222238447931, 0.34333333671092986, 0.3588888900147544, 0.33333333316776487, 0.3566666666004393, 0.39999999966886307, 0.40333333710829417, 0.42777777711550397, 0.34222222185797163, 0.37999999953640834, 0.33777777949968973, 0.4000000019868215, 0.4366666701104906, 0.38666666944821676, 0.383333334657881, 0.398888889948527, 0.35111111145880486, 0.38666666779253217, 0.43333333532015483, 0.4777777797645993, 0.4088888923327128, 0.3844444470273124, 0.44111111329661473, 0.44777777592341106, 0.44111111097865635, 0.4455555558204651, 0.41666666898462507, 0.38777777883741593, 0.3955555571450127, 0.4188888927300771, 0.4566666692495346, 0.3911111119720671, 0.42666666474607257, 0.40777777863873377]

History - Val_loss
[1.1162416219711304, 1.1164832247628107, 1.1199118773142496, 1.1239014228185018, 1.1168735928005642, 1.1417006386650934, 1.1617501258850098, 1.171578386094835, 1.1892762607998317, 1.2096033917533027, 1.2332871701982286, 1.2225351333618164, 1.2959970633188884, 1.2154894828796388, 1.2992969009611341, 1.2759551339679294, 1.3034692936473422, 1.2437955617904664, 1.3143582317564222, 1.2381162272559272, 1.301742312643263, 1.2400082402759127, 1.3056807822651333, 1.4981583383348254, 1.3262571917639838, 1.4396125634511312, 1.3529002600246005, 1.49879752529992, 1.5545994175804987, 1.56096527311537, 1.6123538043763903, 1.656399859322442, 1.5542980247073703, 1.6100698153177897, 1.7578099330266317, 1.7460931883917914, 1.5353593309720357, 1.748986127641466, 1.6509702603022258, 1.7290999518500434, 1.7468536072307164, 1.8146404080920748, 2.2034139845106337, 1.767478080590566, 1.9349092112647162, 1.9375824292500814, 2.12915096282959, 1.9966459102100795, 1.9618479410807292, 1.845395106739468, 2.165934665997823, 2.1708143366707695, 2.380967786577013, 2.03749840259552, 2.1759578943252564, 2.2624538792504203, 2.2912264929877386, 2.076485040452745, 2.3930624299579195, 2.1435948848724364]

Matriz de confusao
[[92  0  8]
[93  0  7]
[84  0 16]]
 Acuracia:36,0%


AD-NC
----------------------------------
History - Acc
[0.494375, 0.515625, 0.4978125, 0.5059375, 0.5053125, 0.5053125, 0.519375, 0.4953125, 0.5115625, 0.518125, 0.5134375, 0.505, 0.5021875, 0.524375, 0.5234375, 0.536875, 0.5446875, 0.5659375, 0.5778125, 0.599375, 0.610625, 0.619375, 0.628125, 0.6534375, 0.6675, 0.685625, 0.67, 0.6996875, 0.70875, 0.72875, 0.734375, 0.7371875, 0.7603125, 0.74625, 0.766875, 0.7675, 0.7890625, 0.7890625, 0.8040625, 0.7971875, 0.8190625, 0.8234375, 0.823125, 0.8453125, 0.8440625, 0.846875, 0.855625, 0.8525, 0.874375, 0.8690625, 0.875625, 0.881875, 0.8865625, 0.8909375, 0.8984375, 0.905, 0.8990625, 0.901875, 0.9125, 0.919375]

History - Loss
[0.7551581877470016, 0.7220916324853897, 0.7235943311452866, 0.7182302808761597, 0.7133946454524994, 0.7139132726192474, 0.7119055300951004, 0.7127677518129348, 0.7122147905826569, 0.7103046667575836, 0.7103986382484436, 0.7112959456443787, 0.7101116126775742, 0.7086957049369812, 0.7060171574354172, 0.7052106726169586, 0.7034795469045639, 0.7001488238573075, 0.693977238535881, 0.6843704676628113, 0.676613997220993, 0.6735938781499863, 0.6632655733823776, 0.6513634127378464, 0.6441101893782616, 0.626706272661686, 0.6284322449564934, 0.6078157430887222, 0.5976608571410179, 0.5668518903851509, 0.5720750680565834, 0.5590030646324158, 0.5324107018113137, 0.5419638481736183, 0.5129871705174446, 0.5092078864574432, 0.4853227561712265, 0.48326058506965636, 0.465467631816864, 0.46183303743600845, 0.42841307908296583, 0.4149203646183014, 0.4184484469890595, 0.3936007760465145, 0.38926367327570915, 0.3781975166499615, 0.3672922383248806, 0.35893065929412843, 0.3333309130370617, 0.33598402976989744, 0.3259268392622471, 0.30563200935721396, 0.3008695145696402, 0.2851997584849596, 0.27953942120075226, 0.26118999302387236, 0.2617718368023634, 0.253124822974205, 0.2320365360379219, 0.22935488425195216]

History - Val_Acc
[0.5300000157207251, 0.466666678711772, 0.4933333482593298, 0.5033333480358124, 0.505000014975667, 0.5000000141561032, 0.5000000137835741, 0.5000000171363354, 0.5000000156462192, 0.49833334647119043, 0.500000013038516, 0.500000013038516, 0.5400000169873238, 0.5050000142306089, 0.5533333510160446, 0.5233333498239517, 0.5400000162422657, 0.6166666835546494, 0.6216666832566261, 0.5000000141561032, 0.5400000147521495, 0.5700000166893006, 0.5500000163912773, 0.5833333518356085, 0.6566666834056377, 0.6266666855663061, 0.6400000184774399, 0.5116666816174984, 0.5533333517611027, 0.6300000175833702, 0.618333350121975, 0.6200000174343586, 0.6066666819155216, 0.6216666847467422, 0.5916666839271784, 0.6066666834056378, 0.5900000184774399, 0.6016666866838932, 0.6366666853427887, 0.6016666829586029, 0.6150000184774399, 0.5433333523571491, 0.5750000163912773, 0.676666684448719, 0.5516666814684867, 0.6200000159442425, 0.6250000178813935, 0.5983333498239517, 0.7033333487808704, 0.6283333495259285, 0.6133333534002304, 0.5516666829586029, 0.6283333525061607, 0.5816666826605796, 0.6516666859388351, 0.6250000178813935, 0.5950000166893006, 0.6100000157952309, 0.626666682958603, 0.6266666851937771]

History - Val_loss
[0.7123360991477966, 0.7117300346493721, 0.7103323027491569, 0.7104189708828926, 0.7106438368558884, 0.7100636646151542, 0.7100133746862411, 0.7100215330719948, 0.709927088022232, 0.7096370026469231, 0.7098311960697175, 0.7100004464387893, 0.7082962229847908, 0.704691544175148, 0.7083087399601936, 0.7056463673710823, 0.7063941910862923, 0.6998296111822129, 0.6972492158412933, 0.707904776930809, 0.6972904935479164, 0.6944567278027535, 0.6942769303917885, 0.6848380148410798, 0.6621388658881188, 0.6670914649963379, 0.652403412759304, 0.7094537869095803, 0.685587640106678, 0.6549010023474693, 0.6658746749162674, 0.6600050263106823, 0.665037427842617, 0.6526050344109535, 0.6911590039730072, 0.6683278545737267, 0.7006680130958557, 0.6789321474730968, 0.6494015365839004, 0.6854063503444194, 0.6676379472017289, 0.7535254612565041, 0.8287886895239354, 0.6232610397040844, 0.7878696739673614, 0.7870102852582932, 0.8507404588162899, 0.7505826234817505, 0.5943029798567295, 0.821564394235611, 0.8443510670214891, 1.0298418417572974, 0.7795377045869827, 1.025661562010646, 0.9100152380764485, 0.7563948549330235, 1.0611101761460304, 1.21155224442482, 1.008424348384142, 0.9418441109359265]


Matriz de confusao
[[98  2]
[70 30]]
Acuracia:64,0%


AD-MCI
----------------------------------
History - Acc
[0.5, 0.503125, 0.559375, 0.5778125, 0.6378125, 0.7046875, 0.7375, 0.7734375, 0.78125, 0.7996875, 0.798125, 0.8228125, 0.821875, 0.834375, 0.833125, 0.8403125, 0.8484375, 0.8596875, 0.8653125, 0.8709375, 0.864375, 0.8740625, 0.8878125, 0.8796875, 0.886875, 0.8896875, 0.8928125, 0.9078125, 0.9046875, 0.900625, 0.9175, 0.9165625, 0.9203125, 0.9165625, 0.9215625, 0.92625, 0.929375, 0.9346875, 0.931875, 0.9365625, 0.9375, 0.935625, 0.94, 0.93875, 0.9453125, 0.94375, 0.953125, 0.9459375, 0.9453125, 0.9575, 0.9625, 0.9615625, 0.9609375, 0.96, 0.9678125, 0.9678125, 0.966875, 0.969375, 0.9721875, 0.975625]

History - Loss
[0.781306272149086, 0.7275603640079499, 0.700914278626442, 0.6864439636468888, 0.6466723269224167, 0.6052889475226402, 0.5620742613077163, 0.5201824739575386, 0.4934417498111725, 0.4753237575292587, 0.4579495818912983, 0.42810260206460954, 0.4228334501385689, 0.4089809796214104, 0.40465249478816984, 0.39088723599910735, 0.38619907706975937, 0.3555006082355976, 0.34539121493697167, 0.3352733351290226, 0.3333406971395016, 0.32672585792839526, 0.29544945038855075, 0.30398688271641733, 0.28293410927057266, 0.2873124681413174, 0.2849903926253319, 0.2487610111385584, 0.26285768039524554, 0.2588287938386202, 0.2347934728860855, 0.2346340351551771, 0.22457286588847636, 0.22964726127684115, 0.21671039432287217, 0.2146766098588705, 0.19739101350307464, 0.1885628578811884, 0.19525657296180726, 0.18283058688044548, 0.17777720801532268, 0.17322114240378142, 0.17331151321530341, 0.16912695303559303, 0.16342799834907054, 0.1545110758394003, 0.14062724366784096, 0.15937266621738672, 0.15247211966663599, 0.13255620878189803, 0.12247107278555631, 0.125815434679389, 0.1228803787752986, 0.12132432404905558, 0.11151098184287549, 0.1130398079380393, 0.11215319465845823, 0.10312788289040327, 0.09893808737397194, 0.08894293190911412]

History - Val_Acc
[0.5050000123679638, 0.5283333510160446, 0.5583333507180214, 0.5416666828095913, 0.5933333478868008, 0.5716666836291552, 0.5633333500474691, 0.5650000184774399, 0.5450000181794167, 0.5550000160932541, 0.5233333509415388, 0.5500000171363354, 0.5466666840016842, 0.5516666814684867, 0.5400000140070915, 0.5150000113993883, 0.5633333496749401, 0.5016666792333127, 0.508333345875144, 0.5433333516120911, 0.5533333510160446, 0.5083333488553763, 0.5100000165402889, 0.49333334863185885, 0.49666668139398096, 0.49500001557171347, 0.4950000125914812, 0.513333349302411, 0.4966666791588068, 0.5316666807979346, 0.4916666816920042, 0.48833334557712077, 0.4833333469927311, 0.5416666839271784, 0.49833334758877756, 0.5016666807234287, 0.49833334796130657, 0.48833335004746914, 0.4966666795313358, 0.4816666807979345, 0.47833334617316725, 0.4850000165402889, 0.488333347812295, 0.4816666800528765, 0.48833334669470785, 0.49666668139398096, 0.4833333473652601, 0.48833334669470785, 0.4783333480358124, 0.48833334892988206, 0.5016666810959578, 0.4850000135600567, 0.4816666807979345, 0.48500001430511475, 0.480000014975667, 0.4816666793078184, 0.5083333469927311, 0.4766666807234287, 0.4933333471417427, 0.48166667856276035]

History - Val_loss
[0.7119169592857361, 0.7083209991455078, 0.7077284723520278, 0.7030699104070663, 0.6880431398749352, 0.6962861448526383, 0.7265586137771607, 0.7465759284794331, 0.7832422181963921, 0.7643770724534988, 0.8670713275671005, 0.8162033267319202, 0.8175510630011559, 0.7837279379367829, 0.8131538152694702, 0.8850890062749386, 0.7806402996182442, 0.9217506468296051, 1.0078029610216617, 0.9636884480714798, 0.8777873679995537, 0.9222568914294242, 1.0532825097441674, 1.1797202482819558, 1.0958176672458648, 1.1559164017438888, 1.2016369707882404, 1.5616043016314507, 1.1932109624147416, 1.0282641626894473, 1.3466833546757697, 1.4012740448117256, 1.4579829543828964, 1.2039458110928536, 1.7663560673594474, 1.355743372440338, 1.459875077009201, 1.5853168442845345, 1.6551672846078873, 1.717881253361702, 1.550185339897871, 1.3675567150115966, 1.6246709942817688, 1.6859669968485833, 2.0421259328722954, 2.1139004051685335, 2.029827409982681, 2.234653005003929, 2.1019575864076616, 2.3189890801906587, 2.6256622046232225, 2.3788120254874228, 2.7288450747728348, 2.238347190618515, 2.6351431906223297, 2.148909066617489, 2.9821852058172227, 2.518792624771595, 2.9181982576847076, 2.6815542966127395]

Matriz de confusao
[[77 23]
 [69 31]]
Acuracia:54,0%


MCI-NC
----------------------------------
History - Acc
[0.52125, 0.5909375, 0.67375, 0.7271875, 0.7553125, 0.783125, 0.7946875, 0.814375, 0.819375, 0.8265625, 0.8390625, 0.855, 0.8575, 0.8575, 0.873125, 0.8753125, 0.8934375, 0.8903125, 0.894375, 0.9015625, 0.905625, 0.909375, 0.9184375, 0.9228125, 0.924375, 0.925625, 0.935625, 0.9415625, 0.9365625, 0.9434375, 0.9421875, 0.953125, 0.9503125, 0.95875, 0.9521875, 0.9553125, 0.960625, 0.960625, 0.96375, 0.959375, 0.9671875, 0.97, 0.96875, 0.9703125, 0.9659375, 0.9709375, 0.9734375, 0.975625, 0.978125, 0.9759375, 0.9784375, 0.976875, 0.9765625, 0.9809375, 0.9796875, 0.9796875, 0.9825, 0.981875, 0.98375, 0.9834375]

History - Loss
[0.7551128149032593, 0.6857114088535309, 0.6184492546319962, 0.5687665683031082, 0.5320522481203079, 0.4927394890785217, 0.48189802169799806, 0.4481079226732254, 0.42542570307850835, 0.4102926529943943, 0.3812000305950642, 0.3608683890104294, 0.3530860798060894, 0.3469603092968464, 0.3193522237986326, 0.3132123801857233, 0.2855580233037472, 0.2769415157288313, 0.2736622380465269, 0.25431307405233383, 0.24462161883711814, 0.24318325500935317, 0.22309843011200428, 0.21220280721783638, 0.20826023317873477, 0.20423164546489717, 0.18769570514559747, 0.17572017520666122, 0.18755230575799942, 0.1582685435935855, 0.16944677226245403, 0.14772639088332654, 0.14848124463111162, 0.13995221350342035, 0.13970058493316173, 0.1338864202797413, 0.12378371983766556, 0.1187887480482459, 0.11605658169835806, 0.11850142622366548, 0.10732884142547845, 0.10087830424308777, 0.09852254871279001, 0.09269826292991638, 0.10576206335797905, 0.09495616178959608, 0.09802909079939127, 0.08080540388822556, 0.08523240327835083, 0.08110814487561584, 0.08375050807371735, 0.08002709742635489, 0.08131069242954254, 0.07394074823707342, 0.07544925821945071, 0.07565461296588183, 0.07055124009028077, 0.0690728165768087, 0.06572398360818625, 0.06634408734738827]

History - Val_Acc
[0.49666668139398096, 0.49833334758877756, 0.49000001400709153, 0.5483333487063646, 0.5150000132620335, 0.5300000172108412, 0.5400000147521495, 0.5283333487808705, 0.5316666834056377, 0.5433333493769169, 0.5466666858643293, 0.5516666829586029, 0.5416666828095913, 0.5433333490043879, 0.546666682511568, 0.530000014975667, 0.458333346247673, 0.5016666807234287, 0.5283333521336318, 0.5183333482593298, 0.4816666800528765, 0.5150000140070915, 0.5150000151246786, 0.441666679084301, 0.465000013448298, 0.5083333469927311, 0.475000013038516, 0.4016666766256094, 0.42333334535360334, 0.41833334490656854, 0.4150000125169754, 0.41000001356005666, 0.4633333470672369, 0.4683333456516266, 0.44500001072883605, 0.42833334356546404, 0.4633333459496498, 0.5000000137835741, 0.46500001177191735, 0.4683333460241556, 0.4666666805744171, 0.513333348184824, 0.450000012293458, 0.5016666799783707, 0.4550000108778477, 0.505000014975667, 0.45500001423060893, 0.4766666818410158, 0.4616666819900274, 0.44166667871177195, 0.4700000137090683, 0.4550000116229057, 0.44166667982935903, 0.4983333460986614, 0.5016666818410158, 0.44833334647119044, 0.4266666786745191, 0.4400000121444464, 0.45333334505558015, 0.4800000131130219]

History - Val_loss
[0.7170682862401009, 0.7298135176301003, 0.8042105495929718, 0.708234141767025, 0.8072871461510658, 0.7830240316689014, 0.7630168974399567, 0.837618263065815, 0.8628505557775498, 0.8013103038072587, 0.8483418703079224, 0.9236479096114636, 0.9579374134540558, 0.9920599788427353, 0.9823810309171677, 1.1204093359410763, 1.0132983103394508, 1.2108248487114905, 1.266124815493822, 1.3472508803009986, 1.3140464290976523, 1.3527681037783623, 1.4952592879533768, 1.588786007463932, 1.622598612308502, 1.6657460734248162, 1.6512239426374435, 1.701355741918087, 1.5782735288143157, 1.8036453932523728, 1.9493942171335221, 1.7414331585168839, 2.031508666276932, 2.1445240408182142, 1.961926594376564, 2.0754318669438363, 1.908122193813324, 2.056891730427742, 2.281514137983322, 2.2603248208761215, 2.191563269495964, 2.071085289120674, 2.5091368496418, 2.6729087993502616, 2.3060590028762817, 2.5926591396331786, 2.547373904287815, 2.6341864317655563, 2.4353434696793554, 2.6895951256155968, 2.921255129575729, 2.69568412899971, 2.5859769105911257, 3.1754719823598863, 2.698633719980717, 2.729850450158119, 2.5062455072999, 2.7982391119003296, 2.835306292772293, 2.5762623101472855]

Matriz de confusao
[[ 7 93]
[17 83]]
Acuracia:45,0%
